# world metres / +Y up; box half extents, ramp full size
ramp Apron_lateral_ramp 50.500000 17.761036 -47.000000 13.000000 3.317928 8.000000 NegativeX
ramp Apron_lateral_ramp_001 -50.500000 18.490049 -47.000000 13.000000 1.859902 8.000000 PositiveX
box Causeway_deck_segment_00 0.000000 19.100000 67.000000 4.250000 0.325000 2.464996
box Causeway_pier 2.900000 17.947968 67.000000 0.500000 1.052032 0.500000
box Causeway_pier_001 -2.900000 18.091173 67.000000 0.500000 0.908827 0.500000
box Causeway_deck_segment_01 0.000000 19.100000 61.999998 4.250000 0.325000 2.464998
box Causeway_deck_segment_02 0.000000 19.100000 57.000000 4.250000 0.325000 2.465000
box Causeway_deck_segment_03 0.000000 19.100000 52.000000 4.250000 0.325000 2.465000
box Causeway_pier_002 2.900000 15.725003 52.000000 0.500000 3.274997 0.500000
box Causeway_pier_003 -2.900000 15.588007 52.000000 0.500000 3.411993 0.500000
box Causeway_deck_segment_04 0.000000 19.100000 47.000000 4.250000 0.325000 2.465000
box Causeway_deck_segment_05 0.000000 19.100000 42.000000 4.250000 0.325000 2.465000
box Causeway_deck_segment_06 0.000000 19.100000 37.000000 4.250000 0.325000 2.465000
box Causeway_pier_004 2.900000 13.685578 37.000000 0.500000 5.314422 0.500000
box Causeway_pier_005 -2.900000 13.517447 37.000000 0.500000 5.482554 0.500000
box Causeway_deck_segment_07 0.000000 19.100000 32.000000 4.250000 0.325000 2.465000
box Causeway_deck_segment_08 0.000000 19.100000 27.000000 4.250000 0.325000 2.465000
box Causeway_deck_segment_09 0.000000 19.100000 22.000000 4.250000 0.325000 2.465000
box Causeway_pier_006 2.900000 13.032674 22.000000 0.500000 5.967326 0.500000
box Causeway_pier_007 -2.900000 12.989605 22.000000 0.500000 6.010395 0.500000
box Causeway_deck_segment_10 0.000000 19.100000 17.000000 4.250000 0.325000 2.465000
box Causeway_deck_segment_11 0.000000 19.100000 12.000000 4.250000 0.325000 2.465000
box Causeway_deck_segment_12 0.000000 19.100000 7.000000 4.250000 0.325000 2.465000
box Causeway_pier_008 2.900000 14.059553 7.000000 0.500000 4.940447 0.500000
box Causeway_pier_009 -2.900000 14.234426 7.000000 0.500000 4.765573 0.500000
box Causeway_deck_segment_13 0.000000 19.100000 2.000000 4.250000 0.325000 2.465000
box Causeway_deck_segment_14 0.000000 19.100000 -3.000000 4.250000 0.325000 2.465000
box Causeway_deck_segment_15 0.000000 19.100000 -8.000000 4.250000 0.325000 2.465000
box Causeway_pier_010 2.900000 16.792693 -8.000000 0.500000 2.207307 0.500000
box Causeway_pier_011 -2.900000 16.954404 -8.000000 0.500000 2.045596 0.500000
box Causeway_deck_segment_16 0.000000 19.100000 -13.000000 4.250000 0.325000 2.465000
box Causeway_deck_segment_17 0.000000 19.100000 -18.000000 4.250000 0.325000 2.465000
box Causeway_deck_segment_18 0.000000 19.100000 -23.000000 4.250000 0.325000 2.465000
box Causeway_pier_012 2.900000 17.710285 -23.000000 0.500000 1.289715 0.500000
box Causeway_pier_013 -2.900000 17.734996 -23.000000 0.500000 1.265004 0.500000
ramp SOUTH_causeway_ramp 0.000000 18.350667 77.500000 8.500000 2.198667 17.000000 NegativeZ
box NORTH_causeway_ramp 0.000000 19.350000 -30.250000 4.250000 0.100000 4.750000
ramp Crater_floor_access_ramp 17.550000 19.707574 46.000000 26.900000 0.515149 6.000000 PositiveX
ramp Crater_floor_access_ramp_001 -17.550000 18.446442 46.000000 26.900000 2.007116 6.000000 PositiveX
ramp Landing_walk_on_ramp -58.500000 18.474330 -62.000000 9.000000 1.411340 6.000000 NegativeX
box Station_service_apron 0.000000 18.800000 -54.000000 44.500000 0.600000 28.000000
box HABITAT_pressure_hull 31.000000 23.800000 -58.000000 7.500000 4.000000 15.000000
box OPERATIONS_pressure_hull -31.000000 23.800000 -58.000000 7.500000 4.000000 15.000000
box Command_hub_lower_pressure_vessel 0.000000 25.200000 -58.000000 17.000000 5.750000 17.000000
box Main_entry_vestibule 0.000000 23.200000 -37.000000 6.500000 3.750000 6.000000
box Hub_transfer_corridor 22.000000 22.500000 -57.000000 6.000000 2.900000 2.650002
box Hub_transfer_corridor_001 -22.000000 22.500000 -57.000000 6.000000 2.900000 2.650002
box BEACON_01_crater_landmark_landing_plinth 17.000000 10.014036 23.000000 6.300000 0.500000 6.299999
box BEACON_01_crater_landmark_stepped_foundation 17.000000 10.814035 23.000000 4.600000 0.325000 4.600000
box BEACON_01_crater_landmark_tapered_mast 17.000000 29.014035 23.000000 1.600000 19.500000 1.385641
box BEACON_02_west_approach_landing_plinth 56.000000 16.975299 42.000000 6.299999 0.500000 6.299999
box BEACON_02_west_approach_stepped_foundation 56.000000 17.775299 42.000000 4.599998 0.325000 4.599998
box BEACON_02_west_approach_tapered_mast 56.000000 28.475299 42.000000 1.599998 12.000000 1.385639
box BEACON_03_east_approach_landing_plinth -54.000000 16.783549 35.000000 6.299999 0.500000 6.299999
box BEACON_03_east_approach_stepped_foundation -54.000000 17.583549 34.999999 4.599998 0.325000 4.599999
box BEACON_03_east_approach_tapered_mast -54.000000 29.283550 35.000000 1.599998 13.000000 1.385639
box BEACON_04_north_utility_landing_plinth 78.000000 18.800000 -54.000000 6.300003 0.500000 6.299999
box BEACON_04_north_utility_stepped_foundation 78.000000 19.600000 -54.000000 4.599998 0.325000 4.599998
box BEACON_04_north_utility_tapered_mast 78.000000 29.800000 -54.000000 1.599998 11.500000 1.385639
box BEACON_05_landing_landing_plinth -98.000000 18.600000 -62.000002 6.300003 0.500000 6.300001
box BEACON_05_landing_stepped_foundation -98.000000 19.400000 -62.000000 4.599998 0.325000 4.599998
box BEACON_05_landing_tapered_mast -98.000000 29.100000 -62.000000 1.599998 11.000000 1.385639
box Landing_slice_1 -92.750000 18.540000 -63.000000 0.750000 0.590000 7.193747
box Landing_slice_2 -91.250000 18.540000 -63.000000 0.750000 0.590000 9.949874
box Landing_slice_3 -89.750000 18.540000 -63.000000 0.750000 0.590000 11.905881
box Landing_slice_4 -88.250000 18.540000 -63.000000 0.750000 0.590000 13.416408
box Landing_slice_5 -86.750000 18.540000 -63.000000 0.750000 0.590000 14.620192
box Landing_slice_6 -85.250000 18.540000 -63.000000 0.750000 0.590000 15.588457
box Landing_slice_7 -83.750000 18.540000 -63.000000 0.750000 0.590000 16.363068
box Landing_slice_8 -82.250000 18.540000 -63.000000 0.750000 0.590000 16.970563
box Landing_slice_9 -80.750000 18.540000 -63.000000 0.750000 0.590000 17.428425
box Landing_slice_10 -79.250000 18.540000 -63.000000 0.750000 0.590000 17.748239
box Landing_slice_11 -77.750000 18.540000 -63.000000 0.750000 0.590000 17.937391
box Landing_slice_12 -76.250000 18.540000 -63.000000 0.750000 0.590000 17.937391
box Landing_slice_13 -74.750000 18.540000 -63.000000 0.750000 0.590000 17.748239
box Landing_slice_14 -73.250000 18.540000 -63.000000 0.750000 0.590000 17.428425
box Landing_slice_15 -71.750000 18.540000 -63.000000 0.750000 0.590000 16.970563
box Landing_slice_16 -70.250000 18.540000 -63.000000 0.750000 0.590000 16.363068
box Landing_slice_17 -68.750000 18.540000 -63.000000 0.750000 0.590000 15.588457
box Landing_slice_18 -67.250000 18.540000 -63.000000 0.750000 0.590000 14.620192
box Landing_slice_19 -65.750000 18.540000 -63.000000 0.750000 0.590000 13.416408
box Landing_slice_20 -64.250000 18.540000 -63.000000 0.750000 0.590000 11.905881
box Landing_slice_21 -62.750000 18.540000 -63.000000 0.750000 0.590000 9.949874
box Landing_slice_22 -61.250000 18.540000 -63.000000 0.750000 0.590000 7.193747
box CARGO_container_00 83.000000 18.900000 50.000000 3.849998 2.300000 2.400002
box CARGO_container_01 73.000000 18.900000 49.000000 3.849998 2.300000 2.400002
box CARGO_container_02 83.000000 18.900000 40.000000 3.849998 2.300000 2.400002
box ROVER_chassis 65.000002 18.100000 57.000000 1.800001 0.500000 3.400002
box ROVER_crew_cab 64.999998 19.400000 55.299999 1.699999 1.000000 1.500000
box Resource_cache 28.000000 21.655068 53.000000 1.864807 1.350195 1.444145
box Regolith_shield_waist_cover 23.000000 18.083258 51.000000 2.493540 0.850000 1.659115
box Resource_cache_001 -23.000000 16.023232 49.000000 1.502472 1.058892 1.199650
box Regolith_shield_waist_cover_001 -28.000000 17.363272 47.000000 2.588467 0.850000 1.324734
box Resource_cache_002 37.000000 17.590469 9.000000 1.520885 1.082198 1.201325
box Regolith_shield_waist_cover_002 32.000000 16.964561 7.000000 2.520042 0.850000 1.580918
box Resource_cache_003 -29.000000 18.761613 6.000000 1.898378 1.347748 1.499647
box Regolith_shield_waist_cover_003 -33.999999 21.248226 4.000000 2.629571 0.850000 0.964446
box Resource_cache_004 61.000000 19.189735 -1.000000 1.358051 0.978797 1.059350
box Regolith_shield_waist_cover_004 56.000000 17.651522 -3.000000 2.628189 0.850000 0.849841
box Resource_cache_005 -47.000000 17.115919 -22.000000 1.383175 1.029059 1.044275
box Regolith_shield_waist_cover_005 -52.000000 18.131334 -24.000000 2.457638 0.850000 1.747974
box Resource_cache_006 14.000000 17.698742 -25.000000 1.654141 1.223357 1.255280
box Regolith_shield_waist_cover_006 9.000000 17.945197 -27.000000 2.628305 0.850000 1.010029
box Resource_cache_007 -16.000000 17.445479 -23.000000 2.004711 1.401719 1.608639
box Regolith_shield_waist_cover_007 -21.000000 17.467458 -25.000000 2.594517 0.850000 1.296122
box Resource_cache_008 97.000000 16.944999 65.000002 1.870728 1.375957 1.426550
box Regolith_shield_waist_cover_008 92.000000 17.327337 63.000000 2.617462 0.850000 1.151016
box Resource_cache_009 -94.000000 18.055139 49.000000 1.607529 1.230289 1.180786
box Regolith_shield_waist_cover_009 -99.000000 17.744743 47.000000 2.621841 0.850000 0.749447
box Resource_cache_010 101.000000 17.962120 -39.000000 1.889328 1.369809 1.461056
box Regolith_shield_waist_cover_010 96.000000 16.714079 -41.000000 2.588501 0.850000 1.324577
box Resource_cache_011 52.000000 17.601014 -61.000000 1.751404 1.249184 1.377876
box Regolith_shield_waist_cover_011 47.000000 17.888847 -62.999998 2.518303 0.850000 1.586481
box Resource_cache_012 -58.000000 18.545461 -76.000000 1.137028 0.868558 0.836792
box Regolith_shield_waist_cover_012 -63.000002 18.650000 -78.000000 2.516829 0.850000 1.591148
box Resource_cache_013 -92.000000 19.412756 -30.999999 1.462463 1.047514 1.147508
box Regolith_shield_waist_cover_013 -97.000000 17.652912 -32.999999 2.533760 0.850000 1.534295
box Station_supply 15.000000 20.340000 -37.000000 1.200000 0.920000 0.880001
box Station_supply_001 -17.000000 20.340000 -39.000000 1.200000 0.920000 0.880001
box Station_supply_002 42.000000 20.340000 -69.000000 1.200001 0.920000 0.879997
box Station_supply_003 -43.000000 20.340000 -74.000000 1.200001 0.920000 0.879997
box Regolith_shield_waist_cover_014 14.000000 20.270000 -32.000000 2.600000 0.850000 0.575001
box Regolith_shield_waist_cover_015 -15.000000 20.270000 -32.000000 2.600000 0.850000 0.575001
box Regolith_shield_waist_cover_016 23.000000 20.270000 -78.000000 2.600000 0.850000 0.574997
box Regolith_shield_waist_cover_017 -23.000000 20.270000 -78.000000 2.600000 0.850000 0.574997
box UTILITIES_pressure_tank -24.000000 20.759742 -82.000000 1.500000 2.500000 1.500000
box UTILITIES_pressure_tank_001 -29.000000 20.769264 -82.000000 1.500000 2.500000 1.500000
box UTILITIES_pressure_tank_002 -34.000000 20.780259 -82.000000 1.500000 2.500000 1.500000
box Ejecta_basalt_boulder -36.449789 18.906599 -2.234153 2.326643 1.678090 2.527908
box Ejecta_basalt_boulder_001 -15.026395 17.339363 56.982275 1.853784 1.561471 1.579313
box Ejecta_basalt_boulder_002 -24.237965 17.872876 60.707853 0.811483 0.704138 0.618746
box Ejecta_basalt_boulder_003 43.700653 17.746227 38.276709 1.585732 0.937181 1.844828
box Ejecta_basalt_boulder_004 41.218569 18.150962 45.057539 1.581461 0.954254 1.639017
box Ejecta_basalt_boulder_005 40.428396 19.595968 40.460255 2.098097 1.973922 1.969776
box Ejecta_basalt_boulder_006 -36.691362 20.036176 12.524648 1.553305 0.893109 1.373688
box Ejecta_basalt_boulder_008 -30.114731 18.721738 49.140678 1.318245 1.254914 1.126221
box Ejecta_basalt_boulder_009 38.677675 16.921424 5.564167 1.534124 1.289196 1.307230
box Ejecta_basalt_boulder_010 -33.122908 18.055171 46.669189 1.298143 0.731951 1.410061
box Ejecta_basalt_boulder_011 28.802910 17.753088 -8.278573 1.250637 1.144547 1.674140
box Ejecta_basalt_boulder_013 40.569183 18.651024 43.337013 1.204105 0.890826 1.229137
box Ejecta_basalt_boulder_014 10.286126 17.761892 -9.299502 2.644239 1.882574 2.372025
box Ejecta_basalt_boulder_015 -28.870316 19.372646 -5.564101 0.831837 0.642595 0.721816
box Ejecta_basalt_boulder_016 10.802985 17.024624 -18.178951 0.977639 0.703502 0.999384
box Ejecta_basalt_boulder_017 27.441296 18.738887 -7.275618 1.103209 1.232973 1.274067
box Ejecta_basalt_boulder_018 40.119959 19.158569 33.959568 1.345995 0.872379 1.795799
box Ejecta_basalt_boulder_020 77.995342 17.311112 -39.904692 0.745289 0.723486 1.183611
box Ejecta_basalt_boulder_021 60.938299 17.924033 -3.564625 1.563387 0.832573 1.552193
box Ejecta_basalt_boulder_022 90.701969 18.036319 -32.551666 0.883610 0.584511 0.958981
box Ejecta_basalt_boulder_023 61.423573 18.163096 -31.677795 1.223465 0.846145 1.119389
box Ejecta_basalt_boulder_024 53.004040 17.576196 -23.853796 1.270493 0.944168 1.393435
box Ejecta_basalt_boulder_025 79.380032 17.532709 -38.107145 1.953533 0.762923 1.408567
box Ejecta_basalt_boulder_026 89.115021 18.827631 1.273926 2.403442 1.998584 1.843467
box Ejecta_basalt_boulder_027 67.079273 18.399618 2.795490 1.410450 0.602492 0.849829
box Ejecta_basalt_boulder_028 64.707020 17.912845 -34.339195 1.307453 1.371238 1.229012
box Ejecta_basalt_boulder_029 72.485680 18.052900 4.592694 0.952805 0.785950 0.858772
box Ejecta_basalt_boulder_030 83.047897 17.813253 -36.554779 1.061218 0.926879 0.913551
box Ejecta_basalt_boulder_032 90.455173 18.556462 -32.431466 1.538227 0.952706 1.856841
box Ejecta_basalt_boulder_034 68.416355 17.337024 5.821488 1.490940 0.868669 1.946250
box Ejecta_basalt_boulder_036 87.247597 17.135540 -37.258934 2.344154 1.116161 2.230270
box Ejecta_basalt_boulder_037 68.380363 17.603715 6.602702 2.515602 1.935920 2.523998
box Ejecta_basalt_boulder_038 95.179398 17.870850 -27.857612 1.645554 1.135160 1.793477
box Ejecta_basalt_boulder_040 97.372150 17.768144 -26.737564 2.869633 1.449167 2.454906
box Ejecta_basalt_boulder_041 82.501667 17.967831 1.301188 1.555592 0.838715 1.561786
box Ejecta_basalt_boulder_042 56.143536 17.713644 -31.683573 1.678970 1.098524 1.512445
box Ejecta_basalt_boulder_043 54.438566 18.351664 -26.144519 2.376036 1.049467 2.299748
box Ejecta_basalt_boulder_044 -80.736565 16.977887 13.291749 1.720078 1.774414 2.423050
box Ejecta_basalt_boulder_045 -49.246183 17.422944 3.409578 0.901747 0.640938 0.918717
box Ejecta_basalt_boulder_046 -96.508263 18.919436 -26.031238 0.742935 0.563331 0.476619
box Ejecta_basalt_boulder_047 -95.680492 18.384720 7.602819 1.211170 0.783629 1.229682
box Ejecta_basalt_boulder_048 -67.453239 18.199941 -33.443494 1.023933 1.022985 1.536490
box Ejecta_basalt_boulder_049 -102.639305 17.878323 5.158807 2.089516 1.809269 2.253100
box Ejecta_basalt_boulder_050 -55.229324 19.244259 7.089206 1.462345 1.277694 1.303399
box Ejecta_basalt_boulder_051 -65.855904 17.222199 -31.241284 1.082367 0.603227 1.569942
box Ejecta_basalt_boulder_052 -52.252455 17.344902 -9.186794 1.827051 1.676526 2.333376
box Ejecta_basalt_boulder_053 -60.435051 18.912213 -29.322017 1.918789 0.896536 2.523084
box Ejecta_basalt_boulder_055 -97.896919 16.876980 -1.173583 2.218620 1.859340 1.719219
box Ejecta_basalt_boulder_056 -58.241547 18.375495 -32.818737 1.864960 1.055966 1.599655
box Ejecta_basalt_boulder_057 -49.994141 17.633983 -19.882538 1.753258 1.432124 2.532232
box Ejecta_basalt_boulder_058 -103.506817 17.801529 3.206263 1.845699 1.622134 2.077869
box Ejecta_basalt_boulder_059 -60.072111 18.184043 10.537688 0.764647 0.592504 0.741351
box Ejecta_basalt_boulder_061 -102.283913 18.756010 -21.189285 0.885674 1.121794 1.495598
box Ejecta_basalt_boulder_062 -88.535812 18.147667 -30.910453 2.206879 1.299414 2.309796
box Ejecta_basalt_boulder_064 -52.232491 19.774568 89.027119 1.376461 0.831916 1.042614
box Ejecta_basalt_boulder_067 -46.927135 16.678244 66.686237 2.027802 1.148364 1.735470
box Ejecta_basalt_boulder_068 -45.844585 16.885837 66.610493 1.646496 0.887893 1.463985
box Ejecta_basalt_boulder_069 -53.880272 19.036189 87.948448 0.574093 0.675576 0.757401
box Ejecta_basalt_boulder_070 -59.942400 17.373718 74.073021 1.449160 0.839433 1.125481
box Ejecta_basalt_boulder_071 -62.736038 16.853675 76.087128 1.391914 0.847767 0.946106
box Ejecta_basalt_boulder_072 -60.179337 17.129326 70.619728 0.717758 0.571494 0.575035
box Ejecta_basalt_boulder_073 -59.084486 18.903089 85.720604 2.724966 1.568352 1.937019
box Ejecta_basalt_boulder_074 -39.168110 17.256000 71.582260 0.733624 0.907080 1.539917
box Ejecta_basalt_boulder_075 -59.124083 17.552410 70.092140 0.991930 0.570378 0.939751
box Ejecta_basalt_boulder_076 -56.795992 17.495166 68.632160 0.789663 0.630079 0.878849
box Ejecta_basalt_boulder_077 -39.432590 17.892769 83.042999 0.701759 0.574773 0.903442
box Ejecta_basalt_boulder_078 -58.825701 17.390761 73.280201 1.920919 1.419209 1.653370
box Ejecta_basalt_boulder_079 -58.186367 18.249948 70.722031 2.067059 1.602540 2.056709
box Ejecta_basalt_boulder_080 -54.332958 17.154274 65.498137 2.188076 1.861062 2.302881
box Ejecta_basalt_boulder_081 -58.628780 17.877966 83.436398 1.995224 1.069694 1.707287
box Ejecta_basalt_boulder_082 -39.420057 16.955389 68.993855 1.366007 0.767085 1.984943
box Ejecta_basalt_boulder_083 -53.559053 20.031671 88.518574 1.808634 1.245309 1.713284
box Ejecta_basalt_boulder_084 61.290707 17.621300 72.215973 0.926369 0.581545 1.122360
box Ejecta_basalt_boulder_085 41.410925 17.722464 60.415306 2.135969 1.234332 1.883739
box Ejecta_basalt_boulder_086 65.768026 17.171323 66.213123 1.872614 1.874851 2.039410
box Ejecta_basalt_boulder_087 59.078028 17.440908 75.414173 2.018290 0.989680 1.928333
box Ejecta_basalt_boulder_088 42.688276 16.511942 72.429272 1.003618 0.684563 0.748486
box Ejecta_basalt_boulder_089 63.994127 17.319711 67.846313 2.121679 1.037788 2.316536
box Ejecta_basalt_boulder_090 47.018173 17.298244 54.062290 1.907009 1.487823 1.986084
box Ejecta_basalt_boulder_091 46.430794 17.330082 56.279165 0.777496 0.640500 0.715296
box Ejecta_basalt_boulder_092 50.414146 17.154908 76.888203 1.446976 1.015296 1.622746
box Ejecta_basalt_boulder_093 59.660715 17.706903 55.231844 1.561426 1.708851 1.539656
box Ejecta_basalt_boulder_094 42.320118 16.467886 72.431759 1.183411 0.648167 1.113735
box Ejecta_basalt_boulder_095 63.232342 17.709484 70.066177 2.893795 0.953111 2.290062
box Ejecta_basalt_boulder_096 50.715380 17.429236 75.736984 1.556040 1.067452 1.606216
box Ejecta_basalt_boulder_097 62.235304 17.117107 60.721193 1.347166 0.933201 1.191195
box Ejecta_basalt_boulder_098 62.328953 17.105978 56.426558 1.068157 0.679194 1.066290
box Ejecta_basalt_boulder_099 44.829039 16.718759 70.747150 1.157408 0.673655 1.229717
box Ejecta_basalt_boulder_100 41.480913 16.642519 69.823597 1.257429 0.736787 1.400700
box Ejecta_basalt_boulder_101 58.717142 17.864938 74.271141 2.135012 1.515353 1.889038
box Ejecta_basalt_boulder_104 63.520981 17.408243 60.875551 1.746300 1.001841 1.462156
box Ejecta_basalt_boulder_105 47.734020 17.108100 76.024925 2.064087 0.707335 1.286797
box Ejecta_basalt_boulder_106 41.389816 17.404752 61.628777 1.268673 0.645374 1.256348
box Ejecta_basalt_boulder_107 62.611002 17.178128 57.988787 1.483046 0.951092 1.376513
box Ejecta_basalt_boulder_108 42.934116 17.810518 62.327787 1.753139 1.200862 1.804682
box Ejecta_basalt_boulder_110 45.442936 17.798581 57.950279 1.496826 1.360282 1.538410
box Ejecta_basalt_boulder_111 64.541029 16.761261 67.669331 1.062143 0.771708 0.985371
box Ejecta_basalt_boulder_117 68.148552 22.014985 104.810932 0.908127 0.630828 0.730679
box Ejecta_basalt_boulder_118 -69.988373 23.487101 106.183819 0.563934 0.608487 1.019436
box Ejecta_basalt_boulder_123 66.347248 16.586164 81.350559 0.800907 0.727282 0.832859
box Ejecta_basalt_boulder_126 -86.081734 16.135805 79.653347 0.844276 0.689657 0.843441
box Ejecta_basalt_boulder_131 124.630367 23.799918 64.117496 0.810978 0.659700 0.982288
box Ejecta_basalt_boulder_133 -33.032318 16.870654 -20.911805 0.769466 0.576777 0.676740
box Ejecta_basalt_boulder_146 50.664516 16.474144 29.383578 0.819439 0.555591 1.055129
box Ejecta_basalt_boulder_152 121.689426 21.602456 31.251738 0.724651 0.596679 0.824236
box Ejecta_basalt_boulder_154 -101.661854 17.854807 -39.269999 0.728344 0.563971 0.705175
box Ejecta_basalt_boulder_156 -42.279364 22.204587 99.783718 0.941389 0.688801 1.233936
box Ejecta_basalt_boulder_158 62.076031 16.744275 -49.825064 1.132832 0.680801 1.001558
box Ejecta_basalt_boulder_163 -102.562969 17.575350 49.324697 0.740826 0.602036 0.750902
box Ejecta_basalt_boulder_164 -109.211208 19.123510 -49.560236 0.983349 0.641484 0.684172
box Ejecta_basalt_boulder_170 81.988091 19.928504 94.756378 0.650871 0.605753 0.651672
box Ejecta_basalt_boulder_173 -114.056808 19.452397 85.653091 0.796021 0.763602 0.753632
box Ejecta_basalt_boulder_187 122.791801 23.240872 -44.530396 1.052727 0.651369 0.931648
box Ejecta_basalt_boulder_195 97.601044 17.018349 -28.023458 1.146187 0.773919 0.931102
box Ejecta_basalt_boulder_203 -79.734184 16.697770 28.728768 0.654175 0.583034 1.034537
box Ejecta_basalt_boulder_218 -49.818335 15.793559 56.288025 0.609728 0.574762 0.659779
box Ejecta_basalt_boulder_224 -33.356939 14.686691 28.000871 0.720137 0.550746 0.555343
box Ejecta_basalt_boulder_225 -73.393345 13.018885 -26.707038 0.969166 0.589557 0.957656
box Ejecta_basalt_boulder_234 107.312828 20.566817 33.632931 5.721153 4.567559 5.807087
box Ejecta_basalt_boulder_235 98.862133 18.953847 16.071326 3.972279 3.389347 4.368541
box Ejecta_basalt_boulder_236 -118.197418 22.218603 -43.324114 5.606781 3.360586 6.200109
box Ejecta_basalt_boulder_237 -105.134167 19.336970 64.160961 4.069439 2.955396 4.889576
box Ejecta_basalt_boulder_238 35.492905 20.665063 95.177200 4.642506 3.752378 4.397583
box Ejecta_basalt_boulder_239 -32.744736 22.697686 -95.289730 4.883057 3.764150 5.108181
box Ejecta_basalt_boulder_240 118.769890 22.904971 -69.965370 4.524414 4.126476 5.300499
box Ejecta_basalt_boulder_241 43.805883 18.325132 38.603626 3.527067 1.798563 3.983101
box Ejecta_basalt_boulder_242 -46.023558 18.166832 17.086316 3.448778 1.859394 4.288473
box West_boundary -121.500000 40.000000 0.000000 1.500000 40.000000 103.000000
box East_boundary 121.500000 40.000000 0.000000 1.500000 40.000000 103.000000
box North_boundary 0.000000 40.000000 -101.500000 120.000000 40.000000 1.500000
box South_boundary 0.000000 40.000000 101.500000 120.000000 40.000000 1.500000
